3 0.42421875 0.3921875 0.13125 0.0953125
3 0.6078125 0.43359375 0.1203125 0.075
3 0.83046875 0.4265625 0.15 0.0703125
3 0.409375 0.2453125 0.1375 0.071875
3 0.2296875 0.31953125 0.08125 0.0671875
3 0.1734375 0.1921875 0.14375 0.053125
3 0.3046875 0.25625 0.0640625 0.05625
3 0.13359375 0.1140625 0.18125 0.078125
3 0.7640625 0.0484375 0.1796875 0.0296875
3 0.75078125 0.07734375 0.1625 0.040625
3 0.63125 0.2625 0.128125 0.1046875
3 0.52890625 0.22109375 0.0984375 0.05
3 0.409375 0.12265625 0.075 0.071875
3 0.41015625 0.02890625 0.078125 0.0578125
3 0.90859375 0.1109375 0.08125 0.09375
3 0.8109375 0.1515625 0.078125 0.078125
3 0.67109375 0.38515625 0.203125 0.053125
3 0.5296875 0.34375 0.1375 0.075
3 0.4890625 0.0890625 0.078125 0.075
3 0.88984375 0.24609375 0.0875 0.084375
3 0.94375 0.221875 0.1078125 0.0296875