3 0.60078125 0.4421875 0.090625 0.125
3 0.5625 0.61640625 0.071875 0.1140625
3 0.56875 0.8265625 0.0671875 0.140625
3 0.740625 0.428125 0.0703125 0.1296875
3 0.6703125 0.2578125 0.0640625 0.0765625
3 0.790625 0.2046875 0.0515625 0.1375
3 0.7296875 0.32890625 0.0546875 0.0609375
3 0.86484375 0.1671875 0.075 0.1703125
3 0.92734375 0.76328125 0.028125 0.16875
3 0.9 0.7515625 0.0390625 0.153125
3 0.72421875 0.63828125 0.0984375 0.121875
3 0.76328125 0.54140625 0.0484375 0.09375
3 0.85703125 0.428125 0.0703125 0.071875
3 0.95859375 0.43046875 0.08125 0.0734375
3 0.86796875 0.90078125 0.0890625 0.0765625
3 0.82890625 0.8078125 0.075 0.075
3 0.6078125 0.67578125 0.05 0.19375
3 0.64765625 0.5421875 0.071875 0.1296875
3 0.88828125 0.50390625 0.071875 0.0734375
3 0.73984375 0.8828125 0.0796875 0.084375
3 0.98515625 0.6625 0.0296875 0.1421875
3 0.7625 0.93359375 0.028125 0.103125