3 0.5765625 0.61953125 0.134375 0.096875
3 0.390625 0.578125 0.121875 0.075
3 0.165625 0.58515625 0.15 0.071875
3 0.59140625 0.76875 0.1375 0.0734375
3 0.77421875 0.69375 0.08125 0.06875
3 0.83046875 0.821875 0.146875 0.0546875
3 0.69765625 0.75703125 0.065625 0.05625
3 0.87109375 0.90078125 0.1828125 0.0796875
3 0.2328125 0.9671875 0.18125 0.03125
3 0.24609375 0.9375 0.165625 0.0421875
3 0.3671875 0.75078125 0.128125 0.10625
3 0.47109375 0.7921875 0.1 0.05
3 0.59140625 0.8921875 0.0765625 0.0734375
3 0.590625 0.978125 0.078125 0.04375
3 0.0859375 0.90390625 0.08125 0.09375
3 0.18515625 0.8625 0.0796875 0.078125
3 0.3265625 0.6265625 0.20625 0.053125
3 0.4703125 0.66875 0.1375 0.0765625
3 0.5109375 0.92578125 0.078125 0.075
3 0.10546875 0.7671875 0.0890625 0.084375
3 0.053125 0.79140625 0.10625 0.0296875