3 0.13359375 0.34921875 0.2171875 0.2953125
3 0.271875 0.20078125 0.11875 0.2265625
3 0.08515625 0.671875 0.1015625 0.1453125
3 0.3796875 0.7171875 0.1765625 0.2109375
3 0.39765625 0.40546875 0.1609375 0.2515625
3 0.09140625 0.9375 0.1015625 0.125
3 0.22421875 0.56328125 0.125 0.1890625
3 0.4828125 0.08515625 0.128125 0.1703125
3 0.6015625 0.0640625 0.128125 0.128125
3 0.77890625 0.3984375 0.2 0.21875
3 0.6921875 0.8625 0.075 0.275
3 0.75234375 0.871875 0.065625 0.2515625
3 0.4609375 0.565625 0.1421875 0.159375
3 0.62265625 0.3390625 0.109375 0.1875
3 0.8671875 0.5390625 0.078125 0.15
3 0.17578125 0.77734375 0.1125 0.2609375
3 0.39140625 0.23359375 0.090625 0.096875
3 0.4265625 0.15703125 0.0703125 0.1453125