3 0.35234375 0.85546875 0.321875 0.2375
3 0.190625 0.70390625 0.246875 0.1296875
3 0.70546875 0.90859375 0.1578125 0.1109375
3 0.7546875 0.5859375 0.228125 0.19375
3 0.41484375 0.56640625 0.2734375 0.175
3 0.96328125 0.9015625 0.0734375 0.1125
3 0.58671875 0.75625 0.20625 0.1375
3 0.078125 0.47421875 0.15625 0.1390625
3 0.05625 0.34453125 0.1125 0.1390625
3 0.40625 0.15 0.2375 0.21875
3 0.88203125 0.2453125 0.2359375 0.08125
3 0.8921875 0.1796875 0.215625 0.071875
3 0.5890625 0.49765625 0.175 0.1546875
3 0.3421875 0.3203125 0.203125 0.11875
3 0.56015625 0.053125 0.1625 0.084375
3 0.8203125 0.80859375 0.284375 0.1234375
3 0.22734375 0.5734375 0.10625 0.0984375
3 0.14296875 0.53515625 0.1578125 0.0765625