3 0.11640625 0.334375 0.221875 0.303125
3 0.25859375 0.18203125 0.121875 0.23125
3 0.06640625 0.6671875 0.103125 0.15
3 0.36953125 0.71328125 0.18125 0.215625
3 0.3875 0.39296875 0.165625 0.2578125
3 0.0734375 0.93828125 0.10625 0.1234375
3 0.209375 0.55546875 0.128125 0.19375
3 0.47421875 0.075 0.13125 0.15
3 0.59609375 0.05390625 0.13125 0.1078125
3 0.77890625 0.38515625 0.20625 0.225
3 0.6890625 0.8609375 0.0765625 0.278125
3 0.75078125 0.87109375 0.0671875 0.2578125
3 0.45234375 0.5578125 0.14375 0.1640625
3 0.61875 0.325 0.1125 0.190625
3 0.86953125 0.53046875 0.078125 0.153125
3 0.16015625 0.775 0.115625 0.26875
3 0.38125 0.21640625 0.09375 0.1
3 0.4171875 0.13671875 0.071875 0.1484375