3 0.128125 0.23515625 0.1546875 0.06875
3 0.2140625 0.34375 0.1140625 0.090625
3 0.225 0.51015625 0.075 0.10625
3 0.33125 0.56640625 0.084375 0.08125
3 0.371875 0.18046875 0.0671875 0.06875
3 0.403125 0.275 0.10625 0.0921875
3 0.30703125 0.08828125 0.075 0.1125
3 0.35 0.4 0.1171875 0.0984375
3 0.3890625 0.3671875 0.0546875 0.0765625
3 0.43984375 0.5953125 0.0703125 0.0890625
3 0.38203125 0.57578125 0.0796875 0.078125
3 0.4421875 0.43203125 0.0515625 0.08125
3 0.4453125 0.50546875 0.071875 0.0609375