1 0.22421875 0.915625 0.29375 0.10625
1 0.19765625 0.80625 0.2765625 0.1015625
1 0.20078125 0.6984375 0.384375 0.09375
1 0.20703125 0.55703125 0.4015625 0.1578125
1 0.18046875 0.39609375 0.3390625 0.140625
1 0.2234375 0.284375 0.446875 0.05625
1 0.21171875 0.18671875 0.409375 0.134375
1 0.25234375 0.0640625 0.396875 0.0875
3 0.7484375 0.84140625 0.3625 0.125
3 0.74609375 0.73203125 0.38125 0.1
3 0.71953125 0.603125 0.4125 0.11875
3 0.75390625 0.47109375 0.36875 0.078125
3 0.76796875 0.34140625 0.425 0.13125
3 0.7625 0.2140625 0.3765625 0.103125
3 0.78359375 0.071875 0.4328125 0.121875