1 0.08359375 0.2328125 0.1046875 0.2890625
1 0.19140625 0.20625 0.1 0.271875
1 0.29765625 0.209375 0.0921875 0.378125
1 0.4375 0.215625 0.15625 0.3953125
1 0.59609375 0.1890625 0.1375 0.334375
1 0.70546875 0.22890625 0.05625 0.4453125
1 0.8015625 0.2203125 0.1328125 0.4046875
1 0.921875 0.26015625 0.0875 0.3921875
3 0.15703125 0.7484375 0.1234375 0.35625
3 0.2640625 0.74609375 0.0984375 0.375
3 0.39140625 0.7203125 0.1171875 0.40625
3 0.521875 0.75390625 0.0765625 0.3625
3 0.64921875 0.76796875 0.1296875 0.41875
3 0.77421875 0.76171875 0.103125 0.3703125
3 0.91484375 0.78515625 0.1203125 0.4296875