3 0.21796875 0.91328125 0.075 0.1671875
3 0.3359375 0.8203125 0.0984375 0.125
3 0.51640625 0.80859375 0.1140625 0.0828125
3 0.57734375 0.6921875 0.0875 0.090625
3 0.15859375 0.6484375 0.075 0.071875
3 0.26171875 0.61484375 0.1 0.115625
3 0.06015625 0.71953125 0.1203125 0.08125
3 0.396875 0.67265625 0.10625 0.128125
3 0.3609375 0.6296875 0.084375 0.059375
3 0.60859375 0.575 0.096875 0.075
3 0.5875 0.6375 0.084375 0.0859375
3 0.43203125 0.57265625 0.0875 0.05625
3 0.5109375 0.56875 0.065625 0.078125