3 0.8796875 0.76796875 0.15625 0.06875
3 0.79296875 0.6578125 0.115625 0.090625
3 0.78203125 0.48984375 0.0765625 0.10625
3 0.67421875 0.43359375 0.084375 0.08125
3 0.6328125 0.82265625 0.0671875 0.06875
3 0.6015625 0.72734375 0.10625 0.09375
3 0.69921875 0.915625 0.075 0.1140625
3 0.65546875 0.60078125 0.11875 0.1
3 0.615625 0.634375 0.05625 0.078125
3 0.56484375 0.40390625 0.0703125 0.090625
3 0.62265625 0.4234375 0.08125 0.078125
3 0.56171875 0.56875 0.0515625 0.08125
3 0.55859375 0.49453125 0.071875 0.0625