1 0.07890625 0.2125 0.109375 0.2984375
1 0.190625 0.18515625 0.103125 0.28125
1 0.2984375 0.19140625 0.09375 0.3828125
1 0.44375 0.19921875 0.159375 0.3984375
1 0.60703125 0.16953125 0.14375 0.3390625
1 0.7203125 0.21875 0.05625 0.4375
1 0.81953125 0.20390625 0.1375 0.4078125
1 0.94453125 0.240625 0.090625 0.403125
3 0.1546875 0.74453125 0.128125 0.36875
3 0.265625 0.7421875 0.1015625 0.3875
3 0.396875 0.715625 0.1203125 0.41875
3 0.53125 0.75 0.078125 0.3734375
3 0.6625 0.76484375 0.134375 0.43125
3 0.79140625 0.75859375 0.10625 0.38125
3 0.93671875 0.78046875 0.125 0.4375